Datum:              Sifra:              Kolicina:           Cijena:             Ukupno:             
---------------------------------------------------------------------------------------
24                  /10/2017abc 123             10                  5                   50                  
24                  /10/2017abb 456             20                  10                  200                 
24                  /10/2017abc 123             10                  5                   50                  
24                  /10/2017abb 456             20                  10                  200                 
24                  /10/2017abc 123             10                  5                   50                  
24                  /10/2017abb 456             20                  10                  200                 
24                  /10/2017abc 123             10                  5                   50                  
24                  /10/2017abb 456             20                  10                  200                 
